0 0 2 3 4
1 1 0
2 2 0 1 2 3 4
3 3 0 2 3 4
4 4 0 1 3 4
5 5 0 2 4
6 6 0 1 2 3
7 7 0 3 4
8 8 0 1 2 3 4
9 9 0 2 4
10 10 0 1 3 4
11 11 0 2 3
12 12 0 1 2 3 4
13 13 0 4
14 14 0 1 2 3 4
15 15 0 2 3 4
16 16 0 1 3
17 17 0 2 4
18 18 0 1 2 3 4
19 19 0 3 4
20 20 0 1 2 3 4
21 21 0 2
22 22 0 1 3 4
23 23 0 2 3 4
24 24 0 1 2 3 4
25 25 0 4
26 26 0 1 2 3
27 27 0 2 3 4
28 28 0 1 3 4
29 29 0 2 4
30 30 0 1 2 3 4
31 31 0 3
32 32 0 1 2 3 4
33 33 0 2 4
34 34 0 1 3 4
35 35 0 2 3 4
36 36 0 1 2 3
37 37 0 4
38 38 0 1 2 3 4
39 39 0 2 3 4
40 40 0 1 3 4
41 41 0 2
42 42 0 1 2 3 4
43 43 0 3 4
44 44 0 1 2 3 4
45 45 0 2 4
46 46 0 1 3
47 47 0 2 3 4
48 48 0 1 2 3 4
49 49 0 4
50 50 0 1 2 3 4
51 51 0 2 3
52 52 0 1 3 4
53 53 0 2 4
54 54 0 1 2 3 4
55 55 0 3 4
56 56 0 1 2 3
57 57 0 2 4
58 58 0 1 3 4
59 59 0 2 3 4
60 60 0 1 2 3 4
61 61 0
62 62 0 1 2 3 4
63 63 0 2 3 4
64 64 0 1 3 4
65 65 0 2 4
66 66 0 1 2 3
67 67 0 3 4
68 68 0 1 2 3 4
69 69 0 2 4
70 70 0 1 3 4
71 71 0 2 3
72 72 0 1 2 3 4
73 73 0 4
74 74 0 1 2 3 4
75 75 0 2 3 4
76 76 0 1 3
77 77 0 2 4
78 78 0 1 2 3 4
79 79 0 3 4
80 80 0 1 2 3 4
81 81 0 2
82 82 0 1 3 4
83 83 0 2 3 4
84 84 0 1 2 3 4
85 85 0 4
86 86 0 1 2 3
87 87 0 2 3 4
88 88 0 1 3 4
89 89 0 2 4
90 90 0 1 2 3 4
91 91 0 3
92 92 0 1 2 3 4
93 93 0 2 4
94 94 0 1 3 4
95 95 0 2 3 4
96 96 0 1 2 3
97 97 0 4
98 98 0 1 2 3 4
99 99 0 2 3 4
100 100 0 1 3 4
101 101 0 2
102 102 0 1 2 3 4
103 103 0 3 4
104 104 0 1 2 3 4
105 105 0 2 4
106 106 0 1 3
107 107 0 2 3 4
108 108 0 1 2 3 4
109 109 0 4
110 110 0 1 2 3 4
111 111 0 2 3
112 112 0 1 3 4
113 113 0 2 4
114 114 0 1 2 3 4
115 115 0 3 4
116 116 0 1 2 3
117 117 0 2 4
118 118 0 1 3 4
119 119 0 2 3 4
120 120 0 1 2 3 4
121 121 0
122 122 0 1 2 3 4
123 123 0 2 3 4
124 124 0 1 3 4
125 125 0 2 4
126 126 0 1 2 3
127 127 0 3 4
128 128 0 1 2 3 4
129 129 0 2 4
130 130 0 1 3 4
131 131 0 2 3
132 132 0 1 2 3 4
133 133 0 4
134 134 0 1 2 3 4
135 135 0 2 3 4
136 136 0 1 3
137 137 0 2 4
138 138 0 1 2 3 4
139 139 0 3 4
140 140 0 1 2 3 4
141 141 0 2
142 142 0 1 3 4
143 143 0 2 3 4
144 144 0 1 2 3 4
145 145 0 4
146 146 0 1 2 3
147 147 0 2 3 4
148 148 0 1 3 4
149 149 0 2 4
150 150 0 1 2 3 4
151 151 0 3
152 152 0 1 2 3 4
153 153 0 2 4
154 154 0 1 3 4
155 155 0 2 3 4
156 156 0 1 2 3
157 157 0 4
158 158 0 1 2 3 4
159 159 0 2 3 4
160 160 0 1 3 4
161 161 0 2
162 162 0 1 2 3 4
163 163 0 3 4
164 164 0 1 2 3 4
165 165 0 2 4
166 166 0 1 3
167 167 0 2 3 4
168 168 0 1 2 3 4
169 169 0 4
170 170 0 1 2 3 4
171 171 0 2 3
172 172 0 1 3 4
173 173 0 2 4
174 174 0 1 2 3 4
175 175 0 3 4
176 176 0 1 2 3
177 177 0 2 4
178 178 0 1 3 4
179 179 0 2 3 4
180 180 0 1 2 3 4
181 181 0
182 182 0 1 2 3 4
183 183 0 2 3 4
184 184 0 1 3 4
185 185 0 2 4
186 186 0 1 2 3
187 187 0 3 4
188 188 0 1 2 3 4
189 189 0 2 4
190 190 0 1 3 4
191 191 0 2 3
192 192 0 1 2 3 4
193 193 0 4
194 194 0 1 2 3 4
195 195 0 2 3 4
196 196 0 1 3
197 197 0 2 4
198 198 0 1 2 3 4
199 199 0 3 4
200 200 0 1 2 3 4
201 201 0 2
202 202 0 1 3 4
203 203 0 2 3 4
204 204 0 1 2 3 4
205 205 0 4
206 206 0 1 2 3
207 207 0 2 3 4
208 208 0 1 3 4
209 209 0 2 4
210 210 0 1 2 3 4
211 211 0 3
212 212 0 1 2 3 4
213 213 0 2 4
214 214 0 1 3 4
215 215 0 2 3 4
216 216 0 1 2 3
217 217 0 4
218 218 0 1 2 3 4
219 219 0 2 3 4
220 220 0 1 3 4
221 221 0 2
222 222 0 1 2 3 4
223 223 0 3 4
224 224 0 1 2 3 4
225 225 0 2 4
226 226 0 1 3
227 227 0 2 3 4
228 228 0 1 2 3 4
229 229 0 4
230 230 0 1 2 3 4
231 231 0 2 3
232 232 0 1 3 4
233 233 0 2 4
234 234 0 1 2 3 4
235 235 0 3 4
236 236 0 1 2 3
237 237 0 2 4
238 238 0 1 3 4
239 239 0 2 3 4
240 240 0 1 2 3 4
241 241 0
242 242 0 1 2 3 4
243 243 0 2 3 4
244 244 0 1 3 4
245 245 0 2 4
246 246 0 1 2 3
247 247 0 3 4
248 248 0 1 2 3 4
249 249 0 2 4
250 250 0 1 3 4
251 251 0 2 3
252 252 0 1 2 3 4
253 253 0 4
254 254 0 1 2 3 4
255 255 0 2 3 4
256 256 0 1 3
257 257 0 2 4
258 258 0 1 2 3 4
259 259 0 3 4
260 260 0 1 2 3 4
261 261 0 2
262 262 0 1 3 4
263 263 0 2 3 4
264 264 0 1 2 3 4
265 265 0 4
266 266 0 1 2 3
267 267 0 2 3 4
268 268 0 1 3 4
269 269 0 2 4
270 270 0 1 2 3 4
271 271 0 3
272 272 0 1 2 3 4
273 273 0 2 4
274 274 0 1 3 4
275 275 0 2 3 4
276 276 0 1 2 3
277 277 0 4
278 278 0 1 2 3 4
279 279 0 2 3 4
280 280 0 1 3 4
281 281 0 2
282 282 0 1 2 3 4
283 283 0 3 4
284 284 0 1 2 3 4
285 285 0 2 4
286 286 0 1 3
287 287 0 2 3 4
288 288 0 1 2 3 4
289 289 0 4
290 290 0 1 2 3 4
291 291 0 2 3
292 292 0 1 3 4
293 293 0 2 4
294 294 0 1 2 3 4
295 295 0 3 4
296 296 0 1 2 3
297 297 0 2 4
298 298 0 1 3 4
299 299 0 2 3 4
300 300 0 1 2 3 4
301 301 0
302 302 0 1 2 3 4
303 303 0 2 3 4
304 304 0 1 3 4
305 305 0 2 4
306 306 0 1 2 3
307 307 0 3 4
308 308 0 1 2 3 4
309 309 0 2 4
310 310 0 1 3 4
311 311 0 2 3
312 312 0 1 2 3 4
313 313 0 4
314 314 0 1 2 3 4
315 315 0 2 3 4
316 316 0 1 3
317 317 0 2 4
318 318 0 1 2 3 4
319 319 0 3 4
320 320 0 1 2 3 4
321 321 0 2
322 322 0 1 3 4
323 323 0 2 3 4
324 324 0 1 2 3 4
325 325 0 4
326 326 0 1 2 3
327 327 0 2 3 4
328 328 0 1 3 4
329 329 0 2 4
330 330 0 1 2 3 4
331 331 0 3
332 332 0 1 2 3 4
333 333 0 2 4
334 334 0 1 3 4
335 335 0 2 3 4
336 336 0 1 2 3
337 337 0 4
338 338 0 1 2 3 4
339 339 0 2 3 4
340 340 0 1 3 4
341 341 0 2
342 342 0 1 2 3 4
343 343 0 3 4
344 344 0 1 2 3 4
345 345 0 2 4
346 346 0 1 3
347 347 0 2 3 4
348 348 0 1 2 3 4
349 349 0 4
350 350 0 1 2 3 4
351 351 0 2 3
352 352 0 1 3 4
353 353 0 2 4
354 354 0 1 2 3 4
355 355 0 3 4
356 356 0 1 2 3
357 357 0 2 4
358 358 0 1 3 4
359 359 0 2 3 4
360 360 0 1 2 3 4
361 361 0
362 362 0 1 2 3 4
363 363 0 2 3 4
364 364 0 1 3 4
365 365 0 2 4
366 366 0 1 2 3
367 367 0 3 4
368 368 0 1 2 3 4
369 369 0 2 4
370 370 0 1 3 4
371 371 0 2 3
372 372 0 1 2 3 4
373 373 0 4
374 374 0 1 2 3 4
375 375 0 2 3 4
376 376 0 1 3
377 377 0 2 4
378 378 0 1 2 3 4
379 379 0 3 4
380 380 0 1 2 3 4
381 381 0 2
382 382 0 1 3 4
383 383 0 2 3 4
384 384 0 1 2 3 4
385 385 0 4
386 386 0 1 2 3
387 387 0 2 3 4
388 388 0 1 3 4
389 389 0 2 4
390 390 0 1 2 3 4
391 391 0 3
392 392 0 1 2 3 4
393 393 0 2 4
394 394 0 1 3 4
395 395 0 2 3 4
396 396 0 1 2 3
397 397 0 4
398 398 0 1 2 3 4
399 399 0 2 3 4
400 400 0 1 3 4
401 401 0 2
402 402 0 1 2 3 4
403 403 0 3 4
404 404 0 1 2 3 4
405 405 0 2 4
406 406 0 1 3
407 407 0 2 3 4
408 408 0 1 2 3 4
409 409 0 4
410 410 0 1 2 3 4
411 411 0 2 3
412 412 0 1 3 4
413 413 0 2 4
414 414 0 1 2 3 4
415 415 0 3 4
416 416 0 1 2 3
417 417 0 2 4
418 418 0 1 3 4
419 419 0 2 3 4
420 420 0 1 2 3 4
421 421 0
422 422 0 1 2 3 4
423 423 0 2 3 4
424 424 0 1 3 4
425 425 0 2 4
426 426 0 1 2 3
427 427 0 3 4
428 428 0 1 2 3 4
429 429 0 2 4
430 430 0 1 3 4
431 431 0 2 3
432 432 0 1 2 3 4
433 433 0 4
434 434 0 1 2 3 4
435 435 0 2 3 4
436 436 0 1 3
437 437 0 2 4
438 438 0 1 2 3 4
439 439 0 3 4
440 440 0 1 2 3 4
441 441 0 2
442 442 0 1 3 4
443 443 0 2 3 4
444 444 0 1 2 3 4
445 445 0 4
446 446 0 1 2 3
447 447 0 2 3 4
448 448 0 1 3 4
449 449 0 2 4
450 450 0 1 2 3 4
451 451 0 3
452 452 0 1 2 3 4
453 453 0 2 4
454 454 0 1 3 4
455 455 0 2 3 4
456 456 0 1 2 3
457 457 0 4
458 458 0 1 2 3 4
459 459 0 2 3 4
460 460 0 1 3 4
461 461 0 2
462 462 0 1 2 3 4
463 463 0 3 4
464 464 0 1 2 3 4
465 465 0 2 4
466 466 0 1 3
467 467 0 2 3 4
468 468 0 1 2 3 4
469 469 0 4
470 470 0 1 2 3 4
471 471 0 2 3
472 472 0 1 3 4
473 473 0 2 4
474 474 0 1 2 3 4
475 475 0 3 4
476 476 0 1 2 3
477 477 0 2 4
478 478 0 1 3 4
479 479 0 2 3 4
480 480 0 1 2 3 4
481 481 0
482 482 0 1 2 3 4
483 483 0 2 3 4
484 484 0 1 3 4
485 485 0 2 4
486 486 0 1 2 3
487 487 0 3 4
488 488 0 1 2 3 4
489 489 0 2 4
490 490 0 1 3 4
491 491 0 2 3
492 492 0 1 2 3 4
493 493 0 4
494 494 0 1 2 3 4
495 495 0 2 3 4
496 496 0 1 3
497 497 0 2 4
498 498 0 1 2 3 4
499 499 0 3 4
500 500 0 1 2 3 4
